0
1
2
3
5
7
9
11
13
15
17
18
19
20
21
22
23
25
27
28
29
31
33
37
38
39
41
42
43
44
45
46
47
48
49
50
51
52
53
54
55
56
58
61
62
63
64
65
66
67
68
69
70
76
78
79
80
81
82
83
84
85
86
88
89
90
91
92
93
94
95
96
97
98
99
101
102
103
104
105
106
107
108
109
110
111
112
113
115
116
117
118
119
120
121
122
123
124
125
126
127
128
129
130
131
132
133
134
135
136
137
138
139
140
141
142
143
144
145
146
147
148
149
150
151
152
153
154
155
156
157
158
159
160
161
162
163
164
165
166
167
168
169
170
171
172
173
174
175
176
177
178
179
180
181
182
183
184
185
186
187
188
189
190
191
192
193
194
195
196
197
198
199
200
201
209
210
213
218
220
259
262
264
280
300
308
311
312
318
319
320
350
351
356
366
369
370
371
376
383
384
387
388
389
399
401
427
433
434
443
444
445
464
475
491
497
500
502
504
510
512
513
514
515
517
518
520
521
524
525
530
532
533
540
542
543
544
546
547
548
550
554
556
560
561
563
564
585
587
591
593
601
604
623
625
631
635
636
639
641
643
646
647
648
651
653
654
655
657
660
666
674
688
690
691
694
695
698
700
701
702
706
711
712
749
750
751
752
753
754
760
782
783
800
802
808
829
830
831
832
833
843
847
848
853
860
861
862
873
888
897
898
902
903
953
981
987
988
989
990
991
992
993
994
995
1010
1023
1024
1025
1027
1028
1029
1058
1059
1080
1085
1098
1099
1109
1113
1119
1167
1194
1198
1212
1214
1220
1234
1241
1242
1270
1293
1311
1314
1319
1337
1341
1344
1352
1360
1414
1417
1418
1419
1420
1431
1433
1434
1476
1481
1492
1494
1500
1501
1503
1512
1513
1521
1524
1527
1533
1534
1540
1541
1542
1545
1547
1550
1581
1583
1589
1604
1626
1627
1628
1629
1645
1646
1666
1677
1688
1701
1707
1716
1719
1720
1723
1755
1761
1776
1783
1801
1812
1813
1863
1880
1883
1900
1935
1965
1967
1970
1972
1984
1985
1998
2000
2010
2033
2049
2056
2080
2082
2083
2086
2087
2095
2096
2100
2101
2102
2103
2104
2123
2142
2152
2159
2181
2195
2196
2210
2211
2221
2222
2240
2261
2262
2302
2303
2305
2351
2368
2369
2370
2372
2375
2376
2377
2379
2380
2389
2399
2401
2404
2424
2427
2447
2456
2459
2480
2483
2484
2500
2501
2535
2541
2593
2598
2599
2628
2638
2710
2727
2775
2809
2811
2827
2944
2945
2947
2967
3000
3004
3020
3050
3052
3074
3101
3128
3225
3233
3260
3268
3269
3283
3290
3305
3306
3323
3332
3333
3351
3386
3389
3396
3412
3423
3424
3435
3455
3478
3479
3480
3483
3493
3503
3516
3527
3535
3544
3551
3601
3632
3645
3659
3667
3671
3689
3690
3702
3724
3725
3749
3768
3784
3785
3799
3804
3825
3826
3835
3830
3856
3880
3868
3872
3900
3960
3962
3978
3978
3979
3999
4000
4001
4018
4035
4045
4050
4069
4070
4089
4090
4093
4096
4105
4111
4116
4125
4172
4190
4195
4197
4198
4200
4201
4222
4226
4242
4243
4244
4303
4307
4321
4444
4486
4488
4500
4534
4560
4567
4569
4604
4605
4662
4664
4672
4711
4713
4723
4724
4728
4730
4739
4747
4753
4789
4791
4840
4843
4847
4848
4894
4944
4949
4950
5000
5001
5002
5003
5004
5005
5007
5010
5011
5025
5029
5031
5037
5044
5048
5050
5051
5060
5061
5062
5064
5065
5070
5080
5084
5085
5090
5093
5099
5104
5121
5124
5125
5150
5151
5154
5172
5190
5198
5199
5200
5201
5222
5223
5228
5242
5243
5246
5247
5269
5280
5281
5298
5310
5318
5349
5351
5353
5355
5357
5358
5394
5402
5405
5412
5413
5417
5421
5432
5433
5445
5450
5457
5458
5480
5481
5495
5498
5499
5500
5501
5517
5550
5554
5555
5556
5568
5601
5631
5632
5656
5666
5667
5670
5671
5672
5683
5684
5693
5701
5718
5719
5722
5723
5724
5741
5742
5800
5900
5905
5931
5938
5984
5985
5986
6005
6009
6050
6051
6086
6100
6101
6110
6111
6112
6113
6136
6159
6200
6201
6225
6227
6240
6244
6255
6257
6260
6262
6343
6346
6347
6350
6379
6389
6432
6436
6437
6443
6444
6445
6464
6502
6513
6514
6515
6516
6543
6556
6566
6571
6600
6601
6602
6619
6622
6653
6679
6690
6697
6699
6715
6771
6801
6888
6901
6924
6969
6980
7000
7001
7002
7005
7006
7010
7022
7023
7025
7047
7070
7133
7144
7145
7171
7262
7272
7306
7307
7312
7396
7400
7401
7402
7471
7473
7474
7478
7542
7547
7575
7624
7631
7634
7655
7670
7680
7687
7717
7777
7831
7880
7890
7915
7935
7946
7979
7990
8000
8005
8006
8007
8007
8008
8009
8010
8042
8069
8070
8074
8075
8080
8088
8089
8090
8091
8092
8096
8111
8112
8116
8118
8123
8124
8125
8139
8140
8172
8184
8200
8222
8243
8245
8280
8281
8291
8303
8332
8333
8334
8337
8384
8388
8400
8401
8403
8443
8444
8448
8484
8500
8530
8531
8555
8580
8629
8642
8691
8765
8767
8834
8840
8880
8883
8887
8888
8889
8920
8983
8997
8998
8999
9000
9001
9002
9006
9030
9042
9043
9060
9080
9081
9090
9091
9092
9100
9101
9102
9103
9119
9150
9191
9199
9200
9217
9293
9295
9296
9897
9300
9303
9306
9309
9312
9332
9333
9339
9389
9392
9418
9419
9420
9421
9422
9425
9443
9535
9536
9600
9669
9675
9676
9695
9735
9785
9800
9875
9898
9899
9901
9981
9982
9987
9993
9997
9999
9999
10000
10001
10009
10011
10024
10025
10042
10050
10051
10110
10172
10200
10212
10308
10480
10505
10514
10578
10800
10823
10891
10933
11001
11100
11111
11112
11211
11214
11215
11235
11311
11371
11753
12000
12012
12013
12035
12043
12046
12201
12222
12223
12307
12308
12345
12443
12489
12975
13008
13075
13400
13720
13721
13724
13782
13783
13785
13786
14550
14567
14652
14800
15000
15009
15010
15441
15567
15345
15672
16000
16080
16200
16225
16250
16261
16300
16384
16400
16567
16666
16677
17011
17224
17225
17333
17472
17475
17500
17777
18080
18081
18091
18092
18104
18200
18201
18206
18300
18301
18306
18333
18400
18401
18505
18506
18605
18606
18676
19000
19001
19132
19133
19150
19226
19294
19295
19302
19531
19532
19788
19812
19813
19814
19999
20000
20560
20582
20583
20595
20808
21025
21064
22000
22136
22222
23073
23399
23513
24441
24444
24465
24554
24800
24842
25565
25575
25600
25601
25602
25603
25604
25605
25606
25607
25608
25609
25610
25611
25612
25613
25614
25615
25616
25617
25618
25619
25620
25621
25622
25623
25624
25625
25626
25627
25628
25629
25630
25631
25632
25633
25634
25635
25636
25637
25638
25639
25640
25641
25642
25643
25644
25645
25646
25647
25648
25649
25650
25651
25652
25653
25654
25655
25656
25657
25658
25659
25660
25661
25662
25663
25664
25665
25666
25667
25668
25669
25670
25671
25672
25673
25674
25675
25676
25677
25678
25679
25680
25681
25682
25683
25684
25685
25686
25687
25688
25689
25690
25691
25692
25693
25694
25695
25696
25697
25698
25699
25700
25826
26000
26822
27000
27015
27016
27017
27036
27374
27888
27950
28000
28001
28015
28016
28260
28443
28769
28770
28852
28910
28960
29000
29070
29920
30000
30033
30120
30564
31337
31416
31438
31457
32137
32400
32764
32887
32976
33434
33848
34000
34197
35357
36330
37008
40000
41121
41794
41795
41796
41797
42806
43110
44405
44818
49151